687919
477579
452119
422975
688685
478567
477579
424367
619751
424367
447137
423669
617651
423669
452973
477579
422975
424367
459977
474675
478567
614859
424367
477579
424367
691765
478567
470873
402435
447137
422975
401271
402435
399001
449601
396231
443919
401271
393597
393083
449601
395165
403627
393597
449601
392575
396231
401271
449601
399001
396231
393083
402435
395695
401849
401271
449601
395165
394117
395695
400131
394117
403627
396777
469003
391739
393083
370199
831073
507227
378477
449601
350793
657043
391019
377613
401849
382919
396241
420877
343019
341371
382007
722215
372029
350003
369913
438269
411083
405453
407307
345701
400993
569687
342379
384303
425783
364153
629623
409819
439963
443585
454701
383351
436109
381109
414287
433093
971595
375929
550519
349621
391575
659991
469935
359293
461761
949447
341417
427217
354473
445521
437791
380039
396777
344235
660733
477579
565815
400587
341047
369841
362895
343809
374715
400587
535073
360161
346887
871041
343701
708849
341859
342095
427939
354961
1183631
400131
341789
591545
498125
640367
435415
373157
881647
575553
354009
376761
352481
343107
343107
671217
396629
371291
395695
386195
352681
439183
341731
375929
390095
341179
562611
434007
365101
343113
847455
1389639
341675
665207
469003
468079
379067
384303
341119
341031
354237
394323
354473
673479
341371
447137
601693
461761
474675
468079
466259
346425
343923
430133
341175
358723
652653
388883
739015
357293
381109
469935
482885
374319
411083
340993
549893
476607
341567
525403
420435
381557
385715
837921
342627
341011
979965
564531
368781
342095
837063
837921
557507
342539
349313
520059
468079
341069
376341
649019
357331
601693
397329
543691
438409
415635
401849
1178811
508379
1239915
434943
456447
382461
379389
395165
364783
470873
351907
350393
788039
439183
482885
396777
366735
367909
368433
376341
341515
362895
340989
580849
403627
413051
446037
461139
536915
429397
418241
377613
446037
864903
341601
433093
341221
397415
414771
551783
426497
474675
344641
382017
681055
362273
370795
472767
429397
342233
341031
392831
435349
366403
359313
434943
341273
966033
577531
442325
388177
1316393
1323281
345285
889649
549269
892329
659991
460867
370199
432143
1157647
343995
453835
874569
403029
356519
343491
349799
395855
570987
468297
367747
603065
658515
513015
712759
385051
375929
485017
427567
785543
1470433
342533
354237
959567
373541
350647
341433
493687
487703
344275
400187
355473
378477
341093
342457
457323
383015
725389
416913
351823
348997
1340043
440747
413641
374101
386679
414287
443121
453835
748697
341011
427939
366521
340987
342379
341273
735799
568391
465357
844845
419577
515351
341047
407985
1090727
348887
372777
368471
403627
904921
341031
430297
392071
380667
463557
447955
1105927
349799
341135
392071
688685
361355
375523
387477
723799
371659
345019
475015
626083
379713
377489
391019
449601
433839
392071
346929
343995
384769
452119
366521
1110695
388137
691765
374715
367747
359543
532627
355763
375939
342255
354709
458203
349967
347533
365179
341147
345333
684099
446327
342163
346577
343595
343809
466259
353673
349473
365709
467167
430757
414287
400587
476607
354009
418677
379067
368757
443097
503229
349811
452119
379787
384367
699513
365423
524211
357331
373541
348887
362583
347785
454551
343113
343013
475537
494787
458203
385715
416913
399001
351201
1053917
407307
476607
347639
712759
413641
468079
376761
340993
341397
878989
531411
781401
342095
478567
436109
460867
418907
345561
341061
427939
380367
349435
393199
357057
373189
471817
345835
603755
593567
353785
343391
411721
360007
349067
426667
696409
361917
354715
397021
342387
412195
382007
413641
376341
547403
751127
374319
653383
343019
360161
452973
396629
469935
433839
388625
449517
354961
356787
368471
391739
390587
346129
374319
353341
968811
368781
454701
347933
356519
744657
342305
352681
393945
425783
342539
478567
393569
360711
444719
452973
533237
397329
1194257
369841
342609
341363
348203
515937
630335
365747
423541
448517
358443
918469
1411551
411083
360475
409655
629623
459089
1016371
439709
394703
715117
348383
366797
364151
868407
361191
1035117
371091
474675
348887
343879
376341
341465
349621
843977
365443
402629
499253
376761
451277
342387
408559
355549
455573
343879
411769
512433
359869
497563
578193
346731
341061
347639
585511
755187
342721
497003
646127
506079
352249
354237
425771
363145
942127
527795
409235
430133
497003
725389
633191
506079
341073
891433
342319
478567
406687
375631
373157
341005
494235
428667
708849
346887
345151
1121211
357515
420251
385739
404841
354473
373929
343199
350999
651197
374715
352287
781401
367071
895921
358723
790543
470867
393569
382681
426497
341555
471817
341555
433093
386085
469003
351907
473719
440673
341331
913941
914845
341471
347369
871041
383379
426497
493141
350591
340987
368433
550519
422975
428925
372401
365709
352035
369913
361053
354961
429381
445545
378431
419115
365101
1195225
342457
359007
445521
470873
345835
943039
341909
421607
341371
366249
345019
362895
438409
360711
891433
521835
421607
351613
392575
341363
765787
598299
530199
341805
349635
441533
487703
377801
345457
407307
369133
384769
724593
399565
341197
1022923
574899
371687
355979
361053
342767
372887
400187
418907
452119
362649
497003
765787
355549
341601
382461
420927
448777
366735
452119
1079353
403029
350821
457323
719845
667457
378115
467167
458599
831073
831927
355215
1360827
342687
359869
356519
623965
342817
662221
451277
814095
344155
406069
481829
404233
354715
410921
568391
602377
439183
408399
432143
422975
451023
468079
372401
342459
731789
439963
344891
352287
1213655
664459
946695
360457
840513
483949
392071
783883
341701
417805
343491
370561
393597
529595
374715
355215
351179
368189
960489
433839
436873
448517
447955
342627
442325
342319
343113
364919
341135
767427
346425
473719
441533
351907
349067
379349
823423
647571
576211
348535
452119
477579
345985
342627
471899
358859
345835
1270239
396231
798085
1343007
447137
392831
477579
480777
342195
789707
419577
805645
372777
388529
342539
436873
434593
550519
463689
366403
345835
782227
350591
352873
441533
348713
402435
405453
469003
343219
347207
420927
885199
386195
575553
384027
604447
438409
401849
416255
345285
551783
364919
518289
477579
1080299
602377
362273
341047
351613
488245
947611
634623
355733
404841
350197
1142287
369333
837921
343767
384769
486089
348997
361355
586179
364407
428471
435349
510113
429397
589529
340989
1078409
354961
343327
393569
351907
919377
401809
350821
357057
346237
341147
807329
682575
657043
1241867
385715
348713
474675
342195
494235
600333
370925
414287
343809
1367771
359085
408559
354237
458203
414287
341179
344155
341087
466259
356633
353673
452973
347699
368089
396231
1265339
454701
408399
1232123
499253
350647
1106879
623261
861407
546163
353877
468079
436363
674991
352873
365179
341471
377613
346373
471817
446327
614163
353877
365747
343391
342255
385241
989285
416913
342767
346649
343199
381109
433839
758443
808173
397885
425783
442125
341179
394703
529595
472935
346129
344765
