new       [[[[[4,0],[5,4]],[[7,7],[6,0]]],[[8,[7,7]],[[7,9],[5,0]]]],[[2,[[0,8],[3,4]]],[[[6,7],1],[7,[1,6]]]]]
explode [[[[   0   ]]]]]6,1[,7[,]1,]7,6[[[,]]]4,3[,]8,0[[,2[[,]]]]0,5[,]9,7[[,]]7,7[,8[[,]]]0,6[,]7,7[[,]]4,5[,
explode [[[[   5,0],[[11   ]]]]]6,1[,7[,]1,]7,6[[[,]]]4,3[,]8,0[[,2[[,]]]]0,5[,]9,7[[,]]7,7[,8[[,]]]0,6[,]7,
explode [[[[5,   11],[0,[13   ]]]]]6,1[,7[,]1,]7,6[[[,]]]4,3[,]8,0[[,2[[,]]]]0,5[,]9,7[[,]]7,7[,8[[,]]]0,
explode [[[[5,11],[   13,0   ]]]]]6,1[,7[,]1,]7,6[[[,]]]4,3[,]8,0[[,2[[,]]]]0,5[,]9,7[[,]]7,7[,8[[,]]
explode [[[[5,11],[13,0]],[[   15,0],[[14   ]]]]]6,1[,7[,]1,]7,6[[[,]]]4,3[,]8,0[[,2[[,]]]]0,5[,]9,
explode [[[[5,11],[13,0]],[[15,   14],[0,[14   ]]]]]6,1[,7[,]1,]7,6[[[,]]]4,3[,]8,0[[,2[[,]]]]0,
explode [[[[5,11],[13,0]],[[15,14],[   14,0   ]]]]]6,1[,7[,]1,]7,6[[[,]]]4,3[,]8,0[[,2[[,]]]
explode [[[[5,11],[13,0]],[[15,14],[14,0]]],[[2,[   0,[11   ]]]]]6,1[,7[,]1,]7,6[[[,]]]4,
explode [[[[5,11],[13,0]],[[15,14],[14,0]]],[[2,[   11,0]],[[[10   ]]]]]6,1[,7[,]1,]7,
explode [[[[5,11],[13,0]],[[15,14],[14,0]]],[[2,[11,   10]],[[0,8   ]]]]]6,1[,7[,]
explode [[[[5,11],[13,0]],[[15,14],[14,0]]],[[2,[11,10]],[[0,8],[   8,0   ]]]]
split   [[[[5,   [5,6]   ]]]]0,8[,]8,0[[,]]01,11[,2[[,]]]0,41[,]41,51[[,]]0,31[,]
explode [[[[   10,0],[19   ]]]]0,8[,]8,0[[,]]01,11[,2[[,]]]0,41[,]41,51[[,]]0,
split   [[[[   [5,5]   ]]]]0,8[,]8,0[[,]]01,11[,2[[,]]]0,41[,]41,51[[,]]0,91[,]0,
explode [[[[   0,5   ]]]]0,8[,]8,0[[,]]01,11[,2[[,]]]0,41[,]41,51[[,]]0,91[,]
split   [[[[0,5],[   [9,10]   ]]]]0,8[,]8,0[[,]]01,11[,2[[,]]]0,41[,]41,51[[,]]0,
explode [[[[0,   14],[0,1   ]]]]0,8[,]8,0[[,]]01,11[,2[[,]]]0,41[,]41,51[[,]]0
split   [[[[0,   [7,7]   ]]]]0,8[,]8,0[[,]]01,11[,2[[,]]]0,41[,]41,51[[,]]01,0[,]
explode [[[[   7,0],[7   ]]]]0,8[,]8,0[[,]]01,11[,2[[,]]]0,41[,]41,51[[,]]01,
split   [[[[7,0],[7,   [5,5]   ]]]]0,8[,]8,0[[,]]01,11[,2[[,]]]0,41[,]41,51[[,]]
explode [[[[7,0],[   12,0]],[[20   ]]]]0,8[,]8,0[[,]]01,11[,2[[,]]]0,41[,]41,
split   [[[[7,0],[   [6,6]   ]]]]0,8[,]8,0[[,]]01,11[,2[[,]]]0,41[,]41,02[[,]]0,
explode [[[[7,   6],[0,6   ]]]]0,8[,]8,0[[,]]01,11[,2[[,]]]0,41[,]41,02[[,]]
split   [[[[7,6],[0,6]],[[   [10,10]   ]]]]0,8[,]8,0[[,]]01,11[,2[[,]]]0,41[,]41,
explode [[[[7,6],[0,   16]],[[0,2   ]]]]0,8[,]8,0[[,]]01,11[,2[[,]]]0,41[,]4
split   [[[[7,6],[0,   [8,8]   ]]]]0,8[,]8,0[[,]]01,11[,2[[,]]]0,41[,]42,0[[,]]
explode [[[[7,6],[   8,0]],[[8   ]]]]0,8[,]8,0[[,]]01,11[,2[[,]]]0,41[,]42,
split   [[[[7,6],[8,0]],[[8,   [12,12]   ]]]]0,8[,]8,0[[,]]01,11[,2[[,]]]0,41[,]
explode [[[[7,6],[8,0]],[[   20,0],[26   ]]]]0,8[,]8,0[[,]]01,11[,2[[,]]]0,
split   [[[[7,6],[8,0]],[[   [10,10]   ]]]]0,8[,]8,0[[,]]01,11[,2[[,]]]0,62[,]0,
explode [[[[7,6],[8,   10]],[[0,1   ]]]]0,8[,]8,0[[,]]01,11[,2[[,]]]0,62[,]0
split   [[[[7,6],[8,   [5,5]   ]]]]0,8[,]8,0[[,]]01,11[,2[[,]]]0,62[,]01,0[[,]]
explode [[[[7,6],[   13,0]],[[5   ]]]]0,8[,]8,0[[,]]01,11[,2[[,]]]0,62[,]01,
split   [[[[7,6],[   [6,7]   ]]]]0,8[,]8,0[[,]]01,11[,2[[,]]]0,62[,]01,5[[,]]0,
explode [[[[7,   12],[0,7   ]]]]0,8[,]8,0[[,]]01,11[,2[[,]]]0,62[,]01,5[[,]]
split   [[[[7,   [6,6]   ]]]]0,8[,]8,0[[,]]01,11[,2[[,]]]0,62[,]01,5[[,]]7,0[,]
explode [[[[   13,0],[6   ]]]]0,8[,]8,0[[,]]01,11[,2[[,]]]0,62[,]01,5[[,]]7,
split   [[[[   [6,7]   ]]]]0,8[,]8,0[[,]]01,11[,2[[,]]]0,62[,]01,5[[,]]7,6[,]0,
explode [[[[   0,7   ]]]]0,8[,]8,0[[,]]01,11[,2[[,]]]0,62[,]01,5[[,]]7,6[,]
split   [[[[0,7],[6,7]],[[5,   [5,5]   ]]]]0,8[,]8,0[[,]]01,11[,2[[,]]]0,62[,]
explode [[[[0,7],[6,7]],[[   10,0],[31   ]]]]0,8[,]8,0[[,]]01,11[,2[[,]]]0,
split   [[[[0,7],[6,7]],[[   [5,5]   ]]]]0,8[,]8,0[[,]]01,11[,2[[,]]]0,13[,]0,
explode [[[[0,7],[6,   12]],[[0,5   ]]]]0,8[,]8,0[[,]]01,11[,2[[,]]]0,13[,]
split   [[[[0,7],[6,   [6,6]   ]]]]0,8[,]8,0[[,]]01,11[,2[[,]]]0,13[,]5,0[[,]]
explode [[[[0,7],[   12,0]],[[6   ]]]]0,8[,]8,0[[,]]01,11[,2[[,]]]0,13[,]5,
split   [[[[0,7],[   [6,6]   ]]]]0,8[,]8,0[[,]]01,11[,2[[,]]]0,13[,]5,6[[,]]0,
explode [[[[0,   13],[0,6   ]]]]0,8[,]8,0[[,]]01,11[,2[[,]]]0,13[,]5,6[[,]]
split   [[[[0,   [6,7]   ]]]]0,8[,]8,0[[,]]01,11[,2[[,]]]0,13[,]5,6[[,]]6,0[,]
explode [[[[   6,0],[7   ]]]]0,8[,]8,0[[,]]01,11[,2[[,]]]0,13[,]5,6[[,]]6,
split   [[[[6,0],[7,6]],[[6,5],[   [15,16]   ]]]]0,8[,]8,0[[,]]01,11[,2[[,]]]0,
explode [[[[6,0],[7,6]],[[6,   20],[0,16   ]]]]0,8[,]8,0[[,]]01,11[,2[[,]]]
split   [[[[6,0],[7,6]],[[6,   [10,10]   ]]]]0,8[,]8,0[[,]]01,11[,2[[,]]]61,0[,]
explode [[[[6,0],[7,6]],[[   16,0],[1   ]]]]0,8[,]8,0[[,]]01,11[,2[[,]]]61,0
split   [[[[6,0],[7,6]],[[   [8,8]   ]]]]0,8[,]8,0[[,]]01,11[,2[[,]]]61,01[,]0,
explode [[[[6,0],[7,   14]],[[0,8   ]]]]0,8[,]8,0[[,]]01,11[,2[[,]]]61,01[,]
split   [[[[6,0],[7,   [7,7]   ]]]]0,8[,]8,0[[,]]01,11[,2[[,]]]61,01[,]8,0[[,]]
explode [[[[6,0],[   14,0]],[[7   ]]]]0,8[,]8,0[[,]]01,11[,2[[,]]]61,01[,]8,
split   [[[[6,0],[   [7,7]   ]]]]0,8[,]8,0[[,]]01,11[,2[[,]]]61,01[,]8,7[[,]]0,
explode [[[[6,   7],[0,7   ]]]]0,8[,]8,0[[,]]01,11[,2[[,]]]61,01[,]8,7[[,]]
split   [[[[6,7],[0,7]],[[7,8],[   [5,5]   ]]]]0,8[,]8,0[[,]]01,11[,2[[,]]]61,
explode [[[[6,7],[0,7]],[[7,   13],[0,21   ]]]]0,8[,]8,0[[,]]01,11[,2[[,]]]
split   [[[[6,7],[0,7]],[[7,   [6,7]   ]]]]0,8[,]8,0[[,]]01,11[,2[[,]]]12,0[,]
explode [[[[6,7],[0,7]],[[   13,0],[7   ]]]]0,8[,]8,0[[,]]01,11[,2[[,]]]12,
split   [[[[6,7],[0,7]],[[   [6,7]   ]]]]0,8[,]8,0[[,]]01,11[,2[[,]]]12,7[,]0,
explode [[[[6,7],[0,   13]],[[0,7   ]]]]0,8[,]8,0[[,]]01,11[,2[[,]]]12,7[,]
split   [[[[6,7],[0,   [6,7]   ]]]]0,8[,]8,0[[,]]01,11[,2[[,]]]12,7[,]7,0[[,]]
explode [[[[6,7],[   6,0]],[[7   ]]]]0,8[,]8,0[[,]]01,11[,2[[,]]]12,7[,]7,
split   [[[[6,7],[6,0]],[[7,7],[7,   [10,11]   ]]]]0,8[,]8,0[[,]]01,11[,2[[,]]]
explode [[[[6,7],[6,0]],[[7,7],[   17,0]]],[[13   ]]]]0,8[,]8,0[[,]]01,11[,
split   [[[[6,7],[6,0]],[[7,7],[   [8,9]   ]]]]0,8[,]8,0[[,]]01,11[,31[[,]]]0,
explode [[[[6,7],[6,0]],[[7,   15],[0,9   ]]]]0,8[,]8,0[[,]]01,11[,31[[,]]]
split   [[[[6,7],[6,0]],[[7,   [7,8]   ]]]]0,8[,]8,0[[,]]01,11[,31[[,]]]9,0[,]
explode [[[[6,7],[6,0]],[[   14,0],[8   ]]]]0,8[,]8,0[[,]]01,11[,31[[,]]]9,
split   [[[[6,7],[6,0]],[[   [7,7]   ]]]]0,8[,]8,0[[,]]01,11[,31[[,]]]9,8[,]0,
explode [[[[6,7],[6,   7]],[[0,7   ]]]]0,8[,]8,0[[,]]01,11[,31[[,]]]9,8[,]
split   [[[[6,7],[6,7]],[[0,7],[8,9]]],[[   [6,7]   ]]]]0,8[,]8,0[[,]]01,11[,
split   [[[[6,7],[6,7]],[[0,7],[8,9]]],[[[6,7],[   [5,6]   ]]]]0,8[,]8,0[[,]]01,
explode [[[[6,7],[6,7]],[[0,7],[8,9]]],[[[6,   12],[0,16   ]]]]0,8[,]8,0[[,]]
split   [[[[6,7],[6,7]],[[0,7],[8,9]]],[[[6,   [6,6]   ]]]]0,8[,]8,0[[,]]61,0[,]
explode [[[[6,7],[6,7]],[[0,7],[8,9]]],[[[   12,0],[6   ]]]]0,8[,]8,0[[,]]61,
split   [[[[6,7],[6,7]],[[0,7],[8,9]]],[[[   [6,6]   ]]]]0,8[,]8,0[[,]]61,6[,]0,
explode [[[[6,7],[6,7]],[[0,7],[8,9]]],[[[   0,6   ]]]]0,8[,]8,0[[,]]61,6[,]
split   [[[[6,7],[6,7]],[[0,7],[8,9]]],[[[0,6],[6,   [8,8]   ]]]]0,8[,]8,0[[,]]
explode [[[[6,7],[6,7]],[[0,7],[8,9]]],[[[0,6],[   14,0]],[[8   ]]]]0,8[,]8,
split   [[[[6,7],[6,7]],[[0,7],[8,9]]],[[[0,6],[   [7,7]   ]]]]0,8[,]8,8[[,]]0,
explode [[[[6,7],[6,7]],[[0,7],[8,9]]],[[[0,   13],[0,7   ]]]]0,8[,]8,8[[,]]
split   [[[[6,7],[6,7]],[[0,7],[8,9]]],[[[0,   [6,7]   ]]]]0,8[,]8,8[[,]]7,0[,]
explode [[[[6,7],[6,7]],[[0,7],[8,9]]],[[[   6,0],[7   ]]]]0,8[,]8,8[[,]]7,
sfadd()   [[[[6,7],[6,7]],[[0,7],[8,9]]],[[[6,0],[7,7]],[[8,8],[8,0]]]]