>======--------------------
found 2 [-1200, -59, 128]
found 3 [1153, -188, 125]
found 4 [-150, 4, 1292]
found 18 [-16, -51, -1141]
found 27 [26, -1207, 140]
found 1 [-1250, -3, 1250]
found 9 [-1328, -124, -1155]
found 8 [1162, -148, 1277]
found 6 [-1, 8, 2512]
found 19 [-152, 1133, 1178]
found 23 [-123, -1208, 1270]
found 17 [24, -2428, -32]
found 12 [1231, -84, 2356]
found 25 [14, -1321, 2436]
found 16 [1169, -1293, 1321]
found 10 [-29, -2478, 1235]
found 13 [1222, -2393, 61]
found 7 [1034, -2418, 1317]
found 22 [-1236, -2499, 1249]
found 11 [1081, 1192, 2368]
found 15 [1153, -1309, 2500]
found 28 [1163, -123, 3669]
found 20 [2313, -1342, 1280]
found 26 [2314, -2564, 1273]
found 5 [1054, -1224, 3645]
found 24 [-1240, -2442, 2467]
found 14 [1215, -29, 4902]
found 29 [1223, -184, 6096]
found 21 [3599, -2502, 1336]
time taken 543.0s
part1 338
part2 9862
>======--------------------
